.Random.seed <-
c(403L, 1L, -486987580L, -2063679865L, 1995404893L, -1952147372L, 
1446079098L, -1416736315L, -791215329L, 191213222L, -416497616L, 
934142675L, 1042225393L, 1175331872L, 268690110L, -1001273655L, 
360973435L, -106153398L, -260833620L, 562313647L, -1396502171L, 
133283612L, -1280466062L, -1855545363L, -2002399193L, -548779954L, 
-581669720L, 1362133675L, -1880422455L, 1963523032L, -1445606778L, 
-1153537183L, 2122804979L, -32329374L, -137056300L, -1938064681L, 
1978597581L, -664766364L, -1783081398L, -438508619L, 436043535L, 
2075327510L, 1137329856L, 1885380739L, -603087711L, -756764016L, 
-624807570L, 1602924313L, 201089963L, 511005082L, -1778293412L, 
-70411169L, 1488069685L, 1129013196L, -45376734L, -1532877443L, 
1456940663L, -1903444066L, -452256168L, -308725829L, 140532057L, 
1602671336L, -177943786L, 990043281L, -1041764029L, -1719444398L, 
-984801564L, 1818118439L, -693720707L, -450305932L, -695369126L, 
1449791141L, 1882553535L, 400965446L, -540459568L, 532266995L, 
-1563580655L, 1928947520L, -1253896418L, -1334042647L, 409220379L, 
-1128771798L, 1206337612L, -1712011249L, 1429029701L, 822895868L, 
-1119128750L, -1514462003L, -924547961L, -1305084050L, -1821028024L, 
-2061478581L, 1670592681L, -814216712L, -421603034L, 1291962945L, 
-1043323949L, -1779568254L, -2008296012L, -507805385L, -699112403L, 
-706825916L, -208238998L, -2000006955L, 470695535L, 1365867382L, 
-807596896L, -947985053L, -1853200895L, 520021360L, 51033358L, 
235190137L, 842925835L, 174614586L, 165541692L, -1588644737L, 
1235789781L, -374945300L, 1110993730L, 639939741L, 123841815L, 
-530668418L, -2008163272L, 888781595L, 888664185L, -226707256L, 
1385337078L, 1130885425L, -550938269L, 1243065138L, 1739990148L, 
1144414407L, 957774749L, -53952748L, -807963206L, -252914683L, 
-1878079009L, -34419610L, -478852112L, -928475885L, -679793999L, 
413435232L, 1132657406L, -2074192247L, 755425723L, 1816738698L, 
-1218297236L, -91681809L, -656288731L, 983788764L, 1670906546L, 
-1344342611L, 9234791L, 961693326L, -715313304L, 516519787L, 
-1374555895L, 1329678232L, 1091133126L, 932088865L, 492415155L, 
188764706L, 1127285780L, -847226729L, 938785421L, 472628132L, 
-1471126134L, -1948573195L, -639968177L, -1270621354L, 45380096L, 
-882537661L, -591230239L, -1826949040L, 1111103662L, -1813070759L, 
-1516802965L, 1775821274L, -2135479652L, 894567583L, 1084610293L, 
375851916L, 246491746L, -476385731L, 382275767L, 1891536734L, 
-885878120L, 1303437819L, -1132741735L, -2101631960L, -1386728234L, 
-1821884079L, -2106892285L, -1035278446L, 196273444L, -1612878873L, 
936185917L, -1394721100L, -133819110L, 1033754213L, -43861249L, 
-713392250L, -1397518064L, -1562426957L, -1332233647L, 1370573312L, 
-956856610L, -841528023L, 1807528155L, 826394602L, -517789812L, 
2073434319L, -2080057211L, 717908796L, 918434322L, 922528013L, 
-651996601L, 133212206L, -429589112L, 1054581899L, -928162199L, 
1953636920L, -1411247386L, -870666623L, 1864634899L, 890148290L, 
1106321012L, 1385558135L, 2037756269L, -1239962332L, 2019269176L, 
1711686042L, 150072784L, 1934181820L, 972533396L, -1434291582L, 
-324997696L, -752167108L, -1581432176L, 564569890L, -1991653880L, 
1739612940L, 660575132L, 1664900114L, 639740800L, -1406342380L, 
-646302424L, -625033158L, -1992789040L, -419595668L, 227298356L, 
-1863126894L, 1298241888L, -1005298356L, -454248992L, -1219716190L, 
-778765400L, -462672756L, 1990419388L, 1891210354L, 850536432L, 
-1338854332L, 1263118424L, 1004556346L, 457156720L, -1122628036L, 
977569556L, 683567810L, -1843752224L, 2039071868L, -1324929840L, 
-1346468958L, 1441398312L, -809381620L, -1604077636L, 188793138L, 
-896198464L, -1480560076L, 536685256L, 1019548346L, -309781360L, 
-1842497812L, 794736212L, 564000402L, 1944774432L, -722036788L, 
84289760L, 293969602L, -382675928L, -730711124L, -1202169156L, 
-160095758L, 1162933808L, -289368156L, -1395011144L, -1303794854L, 
1149756560L, -1071621252L, -654217452L, 550153538L, -1569943808L, 
-1586299972L, -848531632L, -60509918L, -1840543160L, -73689076L, 
1398426716L, 82260434L, 1698887168L, 296726868L, 2101555432L, 
1681748218L, -128059696L, -1135498964L, 1722075380L, -1179181678L, 
1022486880L, -916527092L, 2055678688L, 1414902370L, 1604635304L, 
-1169126836L, -1080666244L, -260137678L, 727975536L, -233104572L, 
1687476184L, -293589126L, 435994160L, -1389086788L, 753182292L, 
1939445826L, -1100181344L, -561516868L, 992487888L, -1527921822L, 
-1421991192L, 47648972L, -1297706500L, 1537833458L, -1378055552L, 
1455379956L, 2135885448L, 1530687290L, 1223062352L, 1185068140L, 
-744224364L, 404542546L, 1991346656L, -1795482420L, -1427510112L, 
786568578L, 222683368L, 1432264428L, -212345540L, -533226382L, 
-1280724880L, 1127073828L, -172078024L, 706565914L, 1484557520L, 
-1972398276L, 854611860L, -1189586046L, 975475136L, -1686528452L, 
1330558352L, -1514019294L, -1457488632L, 591263372L, 608577308L, 
1619062930L, -1054713472L, -1357353452L, 420351784L, -38723014L, 
-673679920L, 1770666348L, 257192884L, 542677010L, -452182560L, 
-1344827444L, -1945161504L, -2138167262L, -1686445784L, 1098219020L, 
-10698948L, 892816370L, -136336656L, 1407968836L, 1805492824L, 
1428889402L, -1424230928L, -817099076L, 1018824980L, -967685438L, 
735698016L, 1812583292L, 1659152336L, -341049054L, 1181981352L, 
907203468L, 1761306812L, -699541710L, -1378559424L, -2108906316L, 
-1685427640L, 1798663610L, -1193821680L, 2031999724L, 1960020308L, 
1286443282L, -1761604192L, -1583232308L, -1082806688L, -1253318718L, 
780201768L, -1760378964L, 136319804L, -1103070862L, 595413808L, 
281761060L, 1488202552L, 173057754L, 631947152L, -872456452L, 
-1208544364L, -946141118L, 381056256L, -873802692L, 1811698000L, 
-1160161118L, -1390614200L, -1674483956L, 944997084L, 1704840530L, 
-369947520L, -1217273772L, -19310616L, -911949574L, -1858876592L, 
1059639084L, -101258892L, -300221550L, -1906718624L, -1076357748L, 
-1144853664L, -348202526L, -1343616088L, -721330996L, 1614129148L, 
1643869618L, -993260048L, 387271620L, -1988113064L, 1743049082L, 
1400701072L, 186654382L, -80463013L, 562301757L, -45022806L, 
809266760L, 1113218673L, -192462877L, 1703963364L, -1460137454L, 
-88865305L, -1699769935L, -954632202L, 1488210452L, -112855771L, 
1072342575L, 836666344L, -930720570L, 1505227123L, -1587045931L, 
574647730L, 1736377216L, 1181529961L, 284482523L, 448267052L, 
-1994465990L, 755966959L, -360499591L, 674296078L, 2099622108L, 
-1901983923L, 364152503L, 1593623616L, 159825182L, -70879253L, 
70687597L, 554555866L, 239440792L, -155039231L, -1579168845L, 
-1285174572L, -1151910942L, 1546923639L, 1465694145L, 1059022150L, 
-1018071932L, -1803527627L, -825720289L, 1685689720L, 653538390L, 
-1531696925L, -1989517659L, 497595202L, 1484536112L, -1882349223L, 
250311371L, 154327868L, 2015753066L, -336862817L, -2007984087L, 
1686332094L, -812289108L, 739385597L, 1528400967L, 1095646000L, 
-104453042L, 1664663675L, 288912349L, 1698757130L, -521916632L, 
-1194237551L, -140511357L, 300117124L, -1275110734L, 787258887L, 
-1940791727L, 669038038L, 1254738100L, -534334267L, 1122055695L, 
-967340408L, 1101661094L, -325924013L, -1852685131L, 1553785362L, 
731017184L, 585917001L, 290809979L, 942840140L, 1118080218L, 
-412480305L, 937437337L, 1133421742L, -273350212L, 1728191021L, 
448916951L, 1903133728L, 1460595070L, 1372587851L, 1415163213L, 
378958714L, 1233184184L, -432507039L, -485310701L, 832837428L, 
1737655618L, 355789143L, -2069932895L, -699806362L, -2133029020L, 
-1085145451L, -298453057L, -1255957672L, 1317509494L, -1343038589L, 
852969925L, -1940881694L, -507535536L, -1667773831L, 2012974507L, 
54235932L, -361487286L, -1113759681L, 1897164937L, -1907317602L, 
-1918729908L, 1168349469L, -2016525145L, -375290928L, -925394066L, 
-703387109L, 1421421437L, 2015308138L, 77219848L, 1981993137L, 
1964371747L, 1854278692L, 1044172498L, 1492671271L, -1342780047L, 
-1418775626L, 387233620L, -1557040667L, -27751441L, 1382677288L, 
